SIZES
  nstack                1703936
  nbuffer               11200
  pstack                49
  maxuse_stack          315
  maxuse_con            4
  maxuse_efc            17
  solver_iter           1
  solver_nnz            49
  ne                    0
  nf                    0
  nefc                  6
  ncon                  1

TIMER
    0:  duration =  2.7        number = 47
    1:  duration =  2.6        number = 47
    2:  duration =  0          number = 0
    3:  duration =  2.3        number = 47
    4:  duration =  0.072      number = 47
    5:  duration =  0.022      number = 47
    6:  duration =  0.026      number = 47
    7:  duration =  0.2        number = 47
    8:  duration =  0.16       number = 47
    9:  duration =  0.049      number = 47
    10:  duration =  1.9        number = 47
    11:  duration =  0.17       number = 47
    12:  duration =  0.0039     number = 47

SOLVER STAT
  solver_iter = 1
  solver_nnz = 49
    0:  improvement =  0         gradient =  0.00023   lineslope =  0       
        nactive = 6   nchange = 0   neval = 2   nupdate = 0
solver_fwdinv =  0         0        

ENERGY =  0         0        

TIME =  38      

QPOS
   0.00072  
   2.1      
   3        
   0.92     
   2.8      
   0.18     
   2.8      
  
QVEL
   1.9e-05  
  -0.00011  
  -0.0016   
  -0.13     
  -1.2      
   6.7      
   7.5      
  
QACC_WARMSTART
  -2.1e-10  
  -0.00052  
  -0.029    
   4.7      
  -4.7      
  -15       
   3.2      
  
CTRL
   0        
   0        
   0        
   0        
   0        
   0        
   0        
  
QFRC_APPLIED
   0        
   0        
   0        
   0        
   0        
   0        
   0        
  
XFRC_APPLIED
   0         0         0         0         0         0        
   0         0         0         0         0         0        
   0         0         0         0         0         0        
   0         0         0         0         0         0        
   0         0         0         0         0         0        
   0         0         0         0         0         0        
   0         0         0         0         0         0        
   0         0         0         0         0         0        
  
QACC
  -2.1e-10  
  -0.00052  
  -0.029    
   4.7      
  -4.7      
  -15       
   3.2      
  
XPOS
   0         0         0        
   0         0         0.16     
   0         0         0.36     
   0.18      0.00013   0.26     
   0.36      0.00026   0.15     
   0.39     -0.025    -0.031    
   0.44     -0.11     -0.23     
   0.42     -0.07     -0.32     
  
XQUAT
   1         0         0         0        
   1         0         0         0.00036  
  -0.68      0.68     -0.18     -0.18     
  -0.043    -0.86     -0.075    -0.5      
   0.65     -0.75     -0.08     -0.012    
   0.053    -0.2       0.98     -0.08     
  -0.33      0.62     -0.45     -0.55     
  -0.089    -0.92     -0.39      0.046    
  
XMAT
   1         0         0         0         1         0         0         0         1        
   1        -0.00072   0         0.00072   1         0         0         0         1        
   0.87     -0.5      -0.00072   0.00062  -0.00036   1        -0.5      -0.87      7.6e-17  
   0.49      0.086     0.87      0.17     -0.99      0.00062   0.85      0.15     -0.5      
   0.99      0.14     -0.086     0.1      -0.14      0.99      0.12     -0.98     -0.15     
  -0.91     -0.38      0.14     -0.4       0.91     -0.14     -0.071    -0.18     -0.98     
  -0.015    -0.92     -0.38     -0.2      -0.37      0.91     -0.98      0.089    -0.18     
   0.7       0.72     -0.015     0.7      -0.69     -0.2      -0.15      0.13     -0.98     
  
XIPOS
   0         0         0        
   0         0         0.16     
  -0.029     0.042     0.31     
   0.29     -0.029     0.2      
   0.37      0.025     0.079    
   0.39     -0.016    -0.11     
   0.44     -0.11     -0.23     
   0.42     -0.074    -0.34     
  
XIMAT
   1         0         0         0         1         0         0         0         1        
   1        -0.00072  -1.7e-06   0.00072   1         0.0024   -2.1e-22  -0.0024    1        
   0.87     -0.00072   0.5       0.00062   1         0.00036  -0.5       3.1e-17   0.87     
   0.49      0.086     0.87      0.17     -0.99      0.00062   0.85      0.15     -0.5      
   0.99     -0.086    -0.14      0.1       0.99      0.14      0.12     -0.15      0.98     
  -0.91     -0.38      0.14     -0.4       0.91     -0.14     -0.071    -0.18     -0.98     
  -0.015    -0.38      0.92     -0.2       0.91      0.37     -0.98     -0.18     -0.089    
   0.7       0.72     -0.015     0.7      -0.69     -0.2      -0.15      0.13     -0.98     
  
XANCHOR
   0         0         0.16     
   0         0         0.36     
   0.18      0.00013   0.26     
   0.36      0.00026   0.15     
   0.39     -0.025    -0.031    
   0.44     -0.11     -0.23     
   0.42     -0.07     -0.32     
  
XAXIS
   0         0         1        
  -0.00072   1         1.1e-16  
   0.87      0.00062  -0.5      
  -0.086     0.99     -0.15     
   0.14     -0.14     -0.98     
  -0.38      0.91     -0.18     
  -0.015    -0.2      -0.98     
  
GEOM_XPOS
  -0.013     7.1e-08   0.07     
   0.00092  -0.033     0.28     
   0.05      0.042     0.33     
   0.29     -0.028     0.2      
   0.37      0.025     0.079    
   0.41     -0.058    -0.11     
   0.42     -0.054    -0.24     
   0.42     -0.074    -0.34     
  
GEOM_XMAT
   0.078     7.2e-06   1        -2.7e-06  -1         7.4e-06   1        -3.3e-06  -0.078    
  -0.0007   -1         0.00015   0.98     -0.00072  -0.21      0.21      1.4e-17   0.98     
   0.21      0.5       0.84      0.97     -0.014    -0.23     -0.1       0.87     -0.49     
  -0.14     -0.49      0.86     -0.95     -0.18     -0.26      0.28     -0.85     -0.44     
   0.99     -0.049    -0.15      0.1       0.92      0.38      0.12     -0.39      0.91     
  -0.3       0.92      0.26      0.77      0.39     -0.51     -0.57      0.05     -0.82     
  -0.92     -0.38      0.051    -0.37      0.86     -0.35      0.089    -0.34     -0.93     
  -0.015    -0.78      0.63     -0.2       0.62      0.76     -0.98     -0.11     -0.16     
  
SUBTREE_COM
   0.19     -0.0057    0.11     
   0.19     -0.0057    0.11     
   0.25     -0.0073    0.099    
   0.36     -0.028     0.01     
   0.4      -0.028    -0.076    
   0.42     -0.065    -0.19     
   0.44     -0.1      -0.25     
   0.42     -0.074    -0.34     
  
CDOF
   0         0         1         0.0057    0.19     -0        
  -0.00072   1         1.1e-16  -0.25     -0.00018  -0.19     
   0.87      0.00062  -0.5      -0.003     0.12     -0.005    
  -0.086     0.99     -0.15     -0.038     0.022     0.17     
   0.14     -0.14     -0.98     -0.00072   0.17     -0.024    
  -0.38      0.91     -0.18      0.33      0.18      0.19     
  -0.015    -0.2      -0.98     -0.023     0.23     -0.046    
  
CINERT
   0         0         0         0         0         0         0         0         0         0        
   0.013     0.16      0.15      0.0043    0.034    -0.001    -0.76      0.022     0.18      3.9      
   0.21      0.39      0.23      0.042     0.16     -0.038    -0.88      0.19      0.79      4        
   0.051     0.13      0.094     0.0075    0.0046    0.0068    0.3      -0.071     0.25      3        
   0.035     0.12      0.099    -0.014     0.019     0.00019   0.48      0.082    -0.089     2.7      
   0.1       0.17      0.073     0.0045    0.077    -0.0056    0.34     -0.018    -0.38      1.7      
   0.24      0.33      0.14      0.046     0.15     -0.064     0.45     -0.19     -0.62      1.8      
   0.064     0.078     0.018     0.0046    0.031    -0.0093    0.067    -0.021    -0.14      0.3      
  
ACTUATOR_LENGTH
   0.00072  
   2.1      
   3        
   0.92     
   2.8      
   0.16     
   2.7      
  
ACTUATOR_MOMENT
   1         0         0         0         0         0         0        
   0         1         0         0         0         0         0        
   0         0         1         0         0         0         0        
   0         0         0         1         0         0         0        
   0         0         0         0         1         0         0        
   0         0         0         0         0         1         0        
   0         0         0         0         0         0         1        
  
CRB
   0         0         0         0         0         0         0         0         0         0        
   0.71      1.4       0.8       0.095     0.48     -0.11     -1.1e-16  -1e-17     1.7e-16   17       
   0.7       1.2       0.65      0.09      0.44     -0.11      0.76     -0.022    -0.18      14       
   0.49      0.82      0.42      0.048     0.29     -0.072     1.6      -0.21     -0.97      9.5      
   0.44      0.69      0.33      0.041     0.28     -0.079     1.3      -0.14     -1.2       6.5      
   0.4       0.58      0.23      0.055     0.26     -0.079     0.85     -0.22     -1.1       3.8      
   0.3       0.41      0.15      0.05      0.18     -0.073     0.52     -0.21     -0.76      2.1      
   0.064     0.078     0.018     0.0046    0.031    -0.0093    0.067    -0.021    -0.14      0.3      
  
QM
   1.4      -0.14      0.45     -0.16     -0.032    -0.0077   -0.00098  
  -0.14      2.9       0.17      0.91      0.046     0.023    -0.0002   
   0.45      0.17      0.37      0.018     0.005    -0.005     0.00048  
  -0.16      0.91      0.018     0.54      0.033     0.02     -4.9e-05  
  -0.032     0.046     0.005     0.033     0.018    -1.1e-05   0.00099  
  -0.0077    0.023    -0.005     0.02     -1.1e-05   0.0088    1.6e-19  
  -0.00098  -0.0002    0.00048  -4.9e-05   0.00099   1.6e-19   0.001    
  
QLD
   0.77     -0.034     1.3      -0.2      -1.8      -0.88     -0.98     
  -0.034     1.3       0.36      1.8       2.7       2.7      -0.2      
   1.3       0.36      0.36      0.048     0.26     -0.57      0.48     
  -0.2       1.8       0.048     0.44      1.9       2.2      -0.049    
  -1.8       2.7       0.26      1.9       0.017    -0.0012    0.99     
  -0.88      2.7      -0.57      2.2      -0.0012    0.0088    1.6e-16  
  -0.98     -0.2       0.48     -0.049     0.99      1.6e-16   0.001    
  
QLDIAGINV
   1.3      
   0.76     
   2.8      
   2.3      
   58       
   1.1e+02  
   1e+03    
  
QLDIAGSQRTINV
   1.1      
   0.87     
   1.7      
   1.5      
   7.6      
   11       
   32       
  
D_rownnz             0 0 0 0 0 0 0 

D_rowadr             0 0 0 0 0 0 0 

D_colind             0 0 0 0 0 0 0 0 0 0 0 0 0 0 0 0 0 0 0 0 0 0 0 0 0 0 0 0 0 0 0 0 0 0 0 0 0 0 0 0 0 0 0 0 0 0 0 0 0 

QDERIV
   0         0         0         0         0         0         0        
   0         0         0         0         0         0         0        
   0         0         0         0         0         0         0        
   0         0         0         0         0         0         0        
   0         0         0         0         0         0         0        
   0         0         0         0         0         0         0        
   0         0         0         0         0         0         0        
  
QLU
   0         0         0         0         0         0         0        
   0         0         0         0         0         0         0        
   0         0         0         0         0         0         0        
   0         0         0         0         0         0         0        
   0         0         0         0         0         0         0        
   0         0         0         0         0         0         0        
   0         0         0         0         0         0         0        
  
CONTACT
  0:
     dim           3
     geom          0 1
     exclude       0
     efc_address   2
     solref        0.02      1        
     solimp        0.9       0.95      0.001     0.5       2        
     dist         -0.01     
     includemargin 0        
     pos           0.0005   -0.00078   0.15     
     frame         4.5e-08  -5.6e-09   1         2.5e-16   1         5.6e-09  -1         0         4.5e-08  
     friction      1         1         0.005     0.0001    0.0001   
     mu            1        

EFC_TYPE
  3 
  3 
  6 
  6 
  6 
  6 
  
EFC_ID
  1 
  2 
  0 
  0 
  0 
  0 
  
EFC_J
   0        -1         0         0         0         0         0        
   0         0        -1         0         0         0         0        
   0.0005    0         0         0         0         0         0        
  -0.0005    0         0         0         0         0         0        
  -0.00078   0         0         0         0         0         0        
   0.00078   0         0         0         0         0         0        
  
EFC_POS
  -0.00077  
  -0.0026   
  -0.01     
  -0.01     
  -0.01     
  -0.01     
  
EFC_MARGIN
   0        
   0        
   0        
   0        
   0        
   0        
  
EFC_FRICTIONLOSS
   0        
   0        
   0        
   0        
   0        
   0        
  
EFC_DIAGAPPROX
   1.2      
   53       
   3.8e-14  
   3.8e-14  
   3.8e-14  
   3.8e-14  
  
EFC_KBIP
   2.8e+03   1.1e+02   0.94     -46       
   2.8e+03   1.1e+02   0.95      0        
   2.8e+03   1.1e+02   0.95      0        
   2.8e+03   1.1e+02   0.95      0        
   2.8e+03   1.1e+02   0.95      0        
   2.8e+03   1.1e+02   0.95      0        
  
EFC_D
   15       
   0.36     
   5e+14    
   5e+14    
   5e+14    
   5e+14    
  
EFC_R
   0.067    
   2.8      
   2e-15    
   2e-15    
   2e-15    
   2e-15    
  
ACTUATOR_VELOCITY
   1.9e-05  
  -0.0001   
  -0.0015   
  -0.14     
  -1.2      
   6.8      
   7.5      
  
CVEL
   0         0         0         0         0         0        
   0         0         1.9e-05   1.1e-07   3.6e-06   0        
   7.5e-08  -0.0001    1.9e-05   2.6e-05   3.6e-06   2e-05    
  -0.0013   -0.00011   0.00079   3.1e-05  -0.00018   2.8e-05  
   0.011    -0.14      0.022     0.0055   -0.0034   -0.024    
  -0.15      0.024     1.2       0.0063   -0.21      0.0051   
  -2.7       6.2       0.0082    2.2       0.97      1.3      
  -2.8       4.7      -7.4       2.1       2.7       0.93     
  
CDOF_DOT
   0         0         0         0         0         0        
  -1.9e-05  -1.3e-08   0         3.3e-09  -4.6e-06   1.1e-07  
   5.3e-05   1.6e-05   9.1e-05  -3.5e-06   3e-05    -3.4e-06  
  -0.00076  -0.00026  -0.0013   -3.6e-05   0.0002   -1.9e-05  
   0.14      0.014     0.018    -0.00042   0.0023    0.0015   
  -1.1      -0.49     -0.13     -0.18      0.43     -0.11     
  -6        -2.7       0.64     -0.99      2.1      -0.91     
  
QFRC_BIAS
  -0.0053   
  -34       
  -2.5      
  -2.1      
  -0.075    
   0.035    
   0.0017   
  
QFRC_PASSIVE
   0        
   0        
   0        
   0        
   0        
   0        
   0        
  
EFC_VEL
   0.0001   
   0.0015   
   9.4e-09  
  -9.4e-09  
  -1.5e-08  
   1.5e-08  
  
EFC_AREF
   2        
   6.6      
   26       
   26       
   26       
   26       
  
SUBTREE_LINVEL
   0         0         0        
   0         0         0        
   0         0         0        
   0         0         0        
   0         0         0        
   0         0         0        
   0         0         0        
   0         0         0        
  
SUBTREE_ANGMOM
   0         0         0        
   0         0         0        
   0         0         0        
   0         0         0        
   0         0         0        
   0         0         0        
   0         0         0        
   0         0         0        
  
ACTUATOR_FORCE
   0        
   0        
   0        
   0        
   0        
   0        
   0        
  
QFRC_ACTUATOR
   0        
   0        
   0        
   0        
   0        
   0        
   0        
  
QFRC_SMOOTH
   0.0053   
   34       
   2.5      
   2.1      
   0.075    
  -0.035    
  -0.0017   
  
QACC_SMOOTH
  -1.9      
   22       
   0.94     
  -35       
   8.4      
   14       
  -9.6      
  
EFC_B
  -24       
  -7.5      
  -26       
  -26       
  -26       
  -26       
  
EFC_FORCE
   30       
   2.4      
   1.3e+16  
   1.3e+16  
   1.3e+16  
   1.3e+16  
  
EFC_STATE
  1 
  1 
  1 
  1 
  1 
  1 
  
QFRC_CONSTRAINT
  -0.54     
  -30       
  -2.4      
   0        
   0        
   0        
   0        
  
QFRC_INVERSE
   0        
   0        
   0        
   0        
   0        
   0        
   0        
  
CACC
   0         0         0         0         0         0        
   0         0         0         0         0         0        
   0         0         0         0         0         0        
   0         0         0         0         0         0        
   0         0         0         0         0         0        
   0         0         0         0         0         0        
   0         0         0         0         0         0        
   0         0         0         0         0         0        
  
CFRC_INT
   0         0         0         0         0         0        
   0         0         0         0         0         0        
   0         0         0         0         0         0        
   0         0         0         0         0         0        
   0         0         0         0         0         0        
   0         0         0         0         0         0        
   0         0         0         0         0         0        
   0         0         0         0         0         0        
  
CFRC_EXT
   0         0         0         0         0         0        
   0         0         0         0         0         0        
   0         0         0         0         0         0        
   0         0         0         0         0         0        
   0         0         0         0         0         0        
   0         0         0         0         0         0        
   0         0         0         0         0         0        
   0         0         0         0         0         0        
  
